state,county_name,Biden_pct,Trump_pct,Jorgensen_pct,total_votes
ALASKA,STATEWIDE,43.60937650655369,53.867553725476846,2.5230697679694636,352626.0
ARIZONA,MARICOPA,50.32405867289705,48.14292428380229,1.53301704330066,2068144.0
ARIZONA,PIMA,58.60544930120658,39.922981877297524,1.4715688214958964,520397.0
ARIZONA,SANTA CRUZ,67.18142769482512,31.673143792186544,1.145428512988341,19556.0
ARIZONA,YUMA,46.092643207738874,52.28030509008171,1.6270517021794193,69881.0
ARKANSAS,FAULKNER,34.22436949708999,64.2087001940009,1.5669303089091182,53608.0
ARKANSAS,PULASKI,60.93591230230362,38.06708825955457,0.9969994381418034,167302.0
CALIFORNIA,ALAMEDA,81.2428067655535,17.92919029335901,0.8280029410874921,760263.0
CALIFORNIA,AMADOR,36.91311631276316,61.50676868746321,1.5801149997736224,22087.0
CALIFORNIA,CONTRA COSTA,72.36725706012906,26.56979138967533,1.0629515501956102,575379.0
CALIFORNIA,DEL NORTE,41.43338058114812,57.23777462792346,1.3288447909284196,11288.0
CALIFORNIA,EL DORADO,44.75938610942512,53.61831266799618,1.6223012225786875,115330.0
CALIFORNIA,FRESNO,53.392620048683334,45.49236556760346,1.115014383713211,361520.0
CALIFORNIA,GLENN,35.714285714285715,63.141426783479346,1.1442875022349366,11186.0
CALIFORNIA,HUMBOLDT,66.15634697798139,32.170829023200824,1.6728239988177924,67670.0
CALIFORNIA,IMPERIAL,62.01913618885809,37.28337655369758,0.6974872574443352,55915.0
CALIFORNIA,INYO,49.392453634619486,49.2432317203155,1.364314645065018,9382.0
CALIFORNIA,KERN,44.19136358816668,54.50243876577245,1.306197646060863,301792.0
CALIFORNIA,KINGS,43.11008645533141,55.497406340057644,1.392507204610951,43375.0
CALIFORNIA,LAKE,52.53885645966664,46.146001828539276,1.3151417117940785,28438.0
CALIFORNIA,LOS ANGELES,71.9472847954579,27.2105983395675,0.8421168649745943,4209867.0
CALIFORNIA,MARIN,83.06871454842135,15.936698697194954,0.9945867543836929,154436.0
CALIFORNIA,MARIPOSA,40.105955067202984,58.373393505346804,1.520651427450211,10193.0
CALIFORNIA,MENDOCINO,67.5,31.113977485928707,1.3860225140712945,42640.0
CALIFORNIA,MERCED,54.84333195266935,44.10325874016277,1.053409307167885,89329.0
CALIFORNIA,MONO,60.327720986169574,37.778111846061336,1.894167167769092,6652.0
CALIFORNIA,NEVADA,56.76038528185835,41.80495496198698,1.4346597561546748,64057.0
CALIFORNIA,ORANGE,53.98539094541036,44.86560837016326,1.1490006844263818,1507832.0
CALIFORNIA,PLACER,45.80656222541308,52.50123229249266,1.6922054820942543,233305.0
CALIFORNIA,RIVERSIDE,53.50527720784968,45.485055506383084,1.0096672857672357,987454.0
CALIFORNIA,SAN BENITO,61.716206280852845,37.07593740153345,1.207856317613696,28563.0
CALIFORNIA,SAN BERNARDINO,54.862818582585064,44.07918094323432,1.0580004741806244,830907.0
CALIFORNIA,SAN DIEGO,60.81783964744378,37.83384716259071,1.3483131899655136,1586130.0
CALIFORNIA,SAN FRANCISCO,86.36222457704534,12.884358899404392,0.7534165235502612,437872.0
CALIFORNIA,SAN JOAQUIN,56.506782062251894,42.46608968874052,1.0271282490075886,285164.0
CALIFORNIA,SAN LUIS OBISPO,55.837980702353406,42.63945268535731,1.5225666122892878,158154.0
CALIFORNIA,SAN MATEO,78.6479383974487,20.393164145761048,0.9588974567902567,370634.0
CALIFORNIA,SANTA BARBARA,65.59977790677132,33.1807283648386,1.2194937283900764,198115.0
CALIFORNIA,SANTA CLARA,73.41804184339024,25.497142721364842,1.0848154352449182,841710.0
CALIFORNIA,SANTA CRUZ,79.95548930273573,18.851959940372463,1.1925507568918097,142887.0
CALIFORNIA,SHASTA,32.5853192275107,66.02763235070493,1.3870484217843722,92066.0
CALIFORNIA,SONOMA,75.39680444677408,23.314264596633997,1.2889309565919127,265181.0
CALIFORNIA,STANISLAUS,49.81221762048193,49.01402484939759,1.173757530120482,212480.0
CALIFORNIA,SUTTER,41.09268154177413,57.67456167333128,1.2327567848945886,42263.0
CALIFORNIA,TEHAMA,31.31611316113161,67.26761553329818,1.4162713055701985,28455.0
CALIFORNIA,TUOLUMNE,39.78608915166412,58.75572975486614,1.4581810934697401,30106.0
CALIFORNIA,VENTURA,60.04528691265549,38.74395696787878,1.210756119465729,418664.0
CALIFORNIA,YUBA,38.17650258362796,60.089747076421,1.733750339951047,29416.0
COLORADO,ADAMS,57.45194571685431,40.950811250481614,1.5972430326640696,233590.0
COLORADO,ALAMOSA,49.060297572435395,49.76507439310885,1.1746280344557558,7662.0
COLORADO,ARAPAHOE,61.67320623756688,36.76105014248469,1.5657436199484343,346353.0
COLORADO,ARCHULETA,41.317563833314914,57.35602962307947,1.3264065436056152,9047.0
COLORADO,BENT,32.53333333333333,66.8,0.6666666666666667,2250.0
COLORADO,BOULDER,77.93552116553748,20.82065752538836,1.2438213090741639,204129.0
COLORADO,BROOMFIELD,63.01360957004161,35.313366851595006,1.6730235783633842,46144.0
COLORADO,CHAFFEE,52.75956082823669,45.8477636135878,1.3926755581755215,13571.0
COLORADO,CHEYENNE,11.5929203539823,87.87610619469027,0.5309734513274336,1130.0
COLORADO,CLEAR CREEK,55.69463761397002,42.55910987482615,1.7462525112038325,6471.0
COLORADO,CONEJOS,45.78172470203318,53.423697125496616,0.7945781724702033,4279.0
COLORADO,COSTILLA,63.42525399129173,35.84905660377358,0.7256894049346879,2067.0
COLORADO,CROWLEY,25.260115606936417,73.46820809248555,1.2716763005780347,1730.0
COLORADO,CUSTER,30.760719225449517,68.43706777316736,0.8022130013831258,3615.0
COLORADO,DELTA,30.683831960804753,68.17992286041905,1.1362451787761911,19186.0
COLORADO,DENVER,80.37667305486927,18.373907399283187,1.24941954584754,389781.0
COLORADO,DOLORES,23.763066202090595,75.88850174216027,0.34843205574912894,1435.0
COLORADO,DOUGLAS,45.57303233785349,52.80920405159425,1.6177636105522606,229638.0
COLORADO,EAGLE,64.41418026821914,34.27937762068129,1.3064421110995599,28857.0
COLORADO,EL PASO,43.29591239275679,54.22730079966206,2.476786807581149,374033.0
COLORADO,ELBERT,23.853795888009348,74.5205333900016,1.625670721989056,18823.0
COLORADO,FREMONT,29.14606652691532,69.28370842067793,1.5702250524067554,25283.0
COLORADO,GARFIELD,50.467809473959704,48.14511907877519,1.3870714472651138,30568.0
COLORADO,GILPIN,53.877847794474064,44.42559379544353,1.6965584100824043,4126.0
COLORADO,GRAND,48.223610115695706,49.99488072079451,1.7815091635097777,9767.0
COLORADO,GUNNISON,64.38566398844452,33.71851584363997,1.8958201679155007,11077.0
COLORADO,HINSDALE,41.262135922330096,57.11974110032363,1.6181229773462782,618.0
COLORADO,HUERFANO,47.724137931034484,50.643678160919535,1.6321839080459768,4350.0
COLORADO,JACKSON,20.161290322580644,78.45622119815668,1.3824884792626728,868.0
COLORADO,JEFFERSON,58.51873089197148,39.76801078222005,1.7132583258084655,373207.0
COLORADO,KIOWA,10.864745011086473,88.13747228381375,0.9977827050997782,902.0
COLORADO,KIT CARSON,17.239583333333332,81.875,0.8854166666666666,3840.0
COLORADO,LA PLATA,58.19149839993203,40.307552887202284,1.500948712865679,35311.0
COLORADO,LAKE,59.036144578313255,38.37477569853884,2.589079723147911,3901.0
COLORADO,LARIMER,56.8881992620592,41.26739979611905,1.8444009418217575,221698.0
COLORADO,LINCOLN,17.863930064614213,81.14785252755607,0.9882174078297226,2631.0
COLORADO,LOGAN,21.237073918039066,77.43201838376102,1.3309076981999233,10444.0
COLORADO,MESA,35.143086386734424,63.40153338682357,1.4553802264420077,89736.0
COLORADO,MINERAL,42.43641231593039,57.1619812583668,0.4016064257028112,747.0
COLORADO,MOFFAT,17.2596843615495,81.34863701578192,1.3916786226685796,6970.0
COLORADO,MONTEZUMA,38.0592148167471,60.68866571018652,1.2521194730663885,15334.0
COLORADO,MONTROSE,31.06862824347264,67.77948427774633,1.15188747878102,24742.0
COLORADO,MORGAN,28.45814977973568,70.43318649045521,1.1086637298091042,13620.0
COLORADO,OTERO,38.15218541644618,60.91649910043391,0.9313154831199069,9449.0
COLORADO,OURAY,59.302908726178536,39.54363089267803,1.1534603811434303,3988.0
COLORADO,PARK,40.41378173425651,57.624464226838114,1.9617540389053743,12132.0
COLORADO,PHILLIPS,19.69205834683955,79.33549432739059,0.9724473257698543,2468.0
COLORADO,PITKIN,75.77341313327152,23.434207198853578,0.7923796678749052,11863.0
COLORADO,PROWERS,26.485013623978205,72.80653950953678,0.7084468664850135,5505.0
COLORADO,PUEBLO,50.18343575162799,48.440796111162065,1.3757681372099422,87224.0
COLORADO,RIO BLANCO,15.311135371179038,83.54257641921397,1.146288209606987,3664.0
COLORADO,RIO GRANDE,40.106092268124094,58.832985050634946,1.060922681240958,6221.0
COLORADO,ROUTT,63.20253240160066,35.387923311234545,1.4095442871647852,16743.0
COLORADO,SAGUACHE,56.4748201438849,42.356115107913666,1.169064748201439,3336.0
COLORADO,SAN MIGUEL,76.76056338028168,22.22222222222222,1.0172143974960877,5112.0
COLORADO,SEDGWICK,21.048951048951047,78.39160839160839,0.5594405594405595,1430.0
COLORADO,SUMMIT,68.99923522342402,29.072435267125535,1.9283295094504536,18306.0
COLORADO,TELLER,31.442869057547956,66.9665197188133,1.5906112236387466,16786.0
COLORADO,WASHINGTON,12.345265975242556,86.81833389093342,0.8364001338240215,2989.0
COLORADO,WELD,40.01211387038159,58.2344033918837,1.7534827377347062,165100.0
COLORADO,YUMA,15.877831715210355,83.07038834951457,1.051779935275081,4944.0
DELAWARE,STATEWIDE,59.03269963795478,39.97102841168348,0.9962719503617464,501871.0
FLORIDA,BAY,27.626597637922668,71.29051394057056,1.082888421506768,92715.0
FLORIDA,BRADFORD,23.228462216995002,75.96295207291973,0.8085857100852691,13604.0
FLORIDA,BREVARD,41.30836183643392,57.80790300603431,0.8837351575317706,359610.0
FLORIDA,BROWARD,64.77213367878359,34.90188689120934,0.32597943000706603,955275.0
FLORIDA,CALHOUN,18.565724815724817,80.98894348894349,0.44533169533169537,6512.0
FLORIDA,CITRUS,29.133688919476946,70.27701307639367,0.5892980041293875,92992.0
FLORIDA,CLAY,30.880136682704318,68.08346026450037,1.0364030527953063,124083.0
FLORIDA,COLLIER,37.414923358719754,62.156560300780875,0.42851634049937337,207460.0
FLORIDA,DUVAL,51.42596506660476,47.59909266024035,0.9749422731548789,491106.0
FLORIDA,ESCAMBIA,41.7846349610307,56.95114551484839,1.264219524120908,169749.0
FLORIDA,FLAGLER,39.351340776658326,60.14700333971466,0.501655883627014,71563.0
FLORIDA,GADSDEN,68.11588091422787,31.479294931264235,0.4048241545078856,23714.0
FLORIDA,GULF,24.3677878713479,75.04296587282101,0.5892462558310827,8146.0
FLORIDA,HAMILTON,33.78076062639821,65.65135088625021,0.5678884873515746,5811.0
FLORIDA,HIGHLANDS,32.5517930583849,67.01964100395895,0.42856593765614787,52034.0
FLORIDA,HILLSBOROUGH,53.05202768419717,46.149443919766576,0.7985283960362544,709430.0
FLORIDA,HOLMES,10.207688908528501,89.26204153778171,0.5302695536897923,9052.0
FLORIDA,INDIAN RIVER,38.91413881748072,60.536760925449876,0.5491002570694088,97250.0
FLORIDA,JACKSON,30.245864997764865,69.2355833705856,0.5185516316495306,22370.0
FLORIDA,LAFAYETTE,13.964950711938664,85.65169769989048,0.3833515881708653,3652.0
FLORIDA,LAKE,39.622963810029944,59.71985632197543,0.6571798679946287,210749.0
FLORIDA,LEE,40.130242926724996,59.356725146198826,0.5130319270761761,392958.0
FLORIDA,MANATEE,41.658658288671226,57.74671964516725,0.5946220661615228,216440.0
FLORIDA,MARION,36.719577757720835,62.701604991562995,0.5788172507161636,203864.0
FLORIDA,MARTIN,37.45140037966074,62.09381883888781,0.454780781451441,98509.0
FLORIDA,MIAMI-DADE,53.53986825253504,46.17166337673501,0.2884683707299489,1154026.0
FLORIDA,NASSAU,26.514932111279577,72.5157157702857,0.9693521184347264,58699.0
FLORIDA,OKALOOSA,29.542729476308367,68.83469769768907,1.6225728260025705,115927.0
FLORIDA,ORANGE,61.23327189554439,38.040480733905135,0.7262473705504754,645097.0
FLORIDA,PALM BEACH,56.21147042160028,43.39440156717743,0.39412801122227653,771323.0
FLORIDA,PASCO,39.56452540046983,59.68288039234581,0.7525942071843673,300959.0
FLORIDA,SANTA ROSA,25.892237579940364,72.5652182067103,1.542544213349337,106642.0
FLORIDA,SARASOTA,44.48732716760437,54.95449780915378,0.5581750232418599,269987.0
FLORIDA,ST JOHNS,36.23537957766062,62.9627317560397,0.8018886662996781,176209.0
FLORIDA,SUMTER,31.7642983187364,67.94448474088188,0.2912169403817215,92371.0
FLORIDA,VOLUSIA,42.59473107335786,56.70196247292466,0.7033064537174769,306552.0
FLORIDA,WAKULLA,29.144880174291938,70.119825708061,0.7352941176470588,18360.0
FLORIDA,WALTON,23.699594232135897,75.53013456821256,0.770271199651544,43621.0
GEORGIA,BACON,13.389031705227078,86.07540702656384,0.5355612682090831,4668.0
GEORGIA,BARROW,27.565201339627123,70.68378998444133,1.7510086759315417,37921.0
GEORGIA,BARTOW,23.960211623437097,74.6507618840034,1.3890264925594944,50467.0
GEORGIA,BEN HILL,36.46341463414634,62.65243902439024,0.8841463414634145,6560.0
GEORGIA,BERRIEN,16.388996512979464,82.90068448921608,0.7103189978044685,7743.0
GEORGIA,BIBB,61.39374593938024,37.54837433970792,1.0578797209118387,70802.0
GEORGIA,BLECKLEY,22.97581493165089,75.84998247458815,1.1742025937609533,5706.0
GEORGIA,BRANTLEY,9.024012393493416,90.2530338239091,0.7229537825974697,7746.0
GEORGIA,BRYAN,31.579194001874416,66.74789128397376,1.6729147141518277,21340.0
GEORGIA,BURKE,48.75514788468738,50.54286783976038,0.7019842755522276,10684.0
GEORGIA,CAMDEN,33.63306315433975,64.38280986153326,1.984126984126984,23688.0
GEORGIA,CANDLER,28.63913337846987,70.7063868201309,0.6544798013992327,4431.0
GEORGIA,CARROLL,29.808716084737675,68.79612292102655,1.3951609942357823,54474.0
GEORGIA,CATOOSA,21.268370509005003,77.21596661859908,1.5156628723959131,32593.0
GEORGIA,CHARLTON,24.156811213315812,74.8795444590451,0.9636443276390714,4566.0
GEORGIA,CHATHAM,58.65237595562884,39.90181382101634,1.4458102233548193,133420.0
GEORGIA,CHATTOOGA,18.44776119402985,80.23880597014926,1.3134328358208955,10050.0
GEORGIA,CHEROKEE,29.54774563281088,68.76130635917973,1.6909480080093904,144830.0
GEORGIA,CLARKE,70.22383262228975,28.141741180137537,1.6344261975727117,51333.0
GEORGIA,COBB,56.3424136372179,42.02176022105621,1.6358261417258841,393746.0
GEORGIA,COLQUITT,26.033700180314618,73.2263881116707,0.7399117080146739,16083.0
GEORGIA,COLUMBIA,36.282406085952914,62.06703979945147,1.6505541145956142,80579.0
GEORGIA,COOK,29.267945984363898,69.65174129353234,1.0803127221037667,7035.0
GEORGIA,CRISP,37.143923373553925,62.035078989924116,0.8209976365219555,8039.0
GEORGIA,DADE,16.962604250739844,81.59806295399515,1.4393327952649986,7434.0
GEORGIA,DAWSON,15.459237609601391,83.3157141968783,1.2250481935203035,16081.0
GEORGIA,DEKALB,83.12396845772969,15.742278939817261,1.133752602453048,370804.0
GEORGIA,DOUGLAS,61.954932920387286,36.83372650042694,1.2113405791857823,69097.0
GEORGIA,EARLY,46.982841719683826,52.477347214189315,0.5398110661268556,5187.0
GEORGIA,ECHOLS,11.589174184594032,87.1616932685635,1.2491325468424705,1441.0
GEORGIA,ELBERT,31.392432668193216,67.88790753462,0.7196597971867844,9171.0
GEORGIA,EMANUEL,30.35469950531523,68.95063677507632,0.6946637196084623,9501.0
GEORGIA,FAYETTE,45.928076340755354,52.71623630075146,1.355687358493187,71993.0
GEORGIA,FLOYD,28.832116788321166,69.9265270841337,1.2413561275451404,41648.0
GEORGIA,FORSYTH,32.63833571787634,65.83040098990757,1.5312632922160783,129305.0
GEORGIA,FRANKLIN,14.797956339990712,84.24523920111471,0.9568044588945658,10765.0
GEORGIA,GILMER,17.742813918305597,81.26475037821483,0.9924357034795763,16525.0
GEORGIA,GLASCOCK,9.897828863346104,89.59131545338442,0.5108556832694764,1566.0
GEORGIA,GLYNN,37.82155106707317,61.01371951219512,1.1647294207317074,41984.0
GEORGIA,GORDON,18.241584487995674,80.74314484250822,1.0152706694961096,24033.0
GEORGIA,GRADY,33.800317549266836,65.69533949752498,0.5043429532081816,10707.0
GEORGIA,GREENE,36.347470436560855,62.84342491331022,0.8091046501289233,11247.0
GEORGIA,GWINNETT,58.43137254901961,40.20948860135552,1.3591388496248777,413865.0
GEORGIA,HALL,27.651536073705024,70.88806159760502,1.4604023286899461,90523.0
GEORGIA,HARALSON,12.57720381807973,86.54548006737788,0.8773161145423919,14248.0
GEORGIA,HARRIS,27.297283777699967,71.62723225451452,1.0754839677855035,19991.0
GEORGIA,HART,24.805531547104582,74.36159346271705,0.832874990178361,12727.0
GEORGIA,HEARD,15.284733815618623,83.76924503802634,0.9460211463550361,5391.0
GEORGIA,HENRY,59.6992064655945,39.25877042903,1.042023105375503,122742.0
GEORGIA,HOUSTON,43.07766328535344,55.50966948665518,1.412667227991393,74823.0
GEORGIA,IRWIN,24.184261036468328,75.19193857965452,0.6238003838771593,4168.0
GEORGIA,JACKSON,20.286700292009556,78.30368993894345,1.409609769046987,37670.0
GEORGIA,JASPER,23.03767660910518,76.16431187859759,0.7980115122972266,7644.0
GEORGIA,LANIER,28.49552572706935,70.16219239373602,1.342281879194631,3576.0
GEORGIA,LAURENS,35.51850059395486,63.76435390910291,0.7171454969422324,22729.0
GEORGIA,LEE,27.270551633361258,71.8379801364126,0.8914682302261577,16714.0
GEORGIA,LOWNDES,43.3976917268903,55.42228454319922,1.1800237299104737,46355.0
GEORGIA,LUMPKIN,20.127486961560752,78.31433906380786,1.5581739746313823,15531.0
GEORGIA,MADISON,22.83591082546696,75.82513222199906,1.338956952533976,14937.0
GEORGIA,MCDUFFIE,39.866092778574846,59.005260640841705,1.128646580583453,10455.0
GEORGIA,MITCHELL,44.57212986723195,55.05968983599241,0.3681802967756332,8963.0
GEORGIA,MORGAN,28.658067822670198,70.2998206201418,1.042111557188007,11707.0
GEORGIA,MURRAY,14.958736760023395,84.10552992397167,0.9357333160049386,15389.0
GEORGIA,MUSCOGEE,61.49386042238307,37.3080218020188,1.1981177755981276,80543.0
GEORGIA,NEWTON,54.93095374177253,44.00707977654456,1.0619664816829217,54239.0
GEORGIA,OCONEE,32.43006993006993,65.93690400508582,1.6330260648442465,25168.0
GEORGIA,PAULDING,34.788311764361424,63.8578204602682,1.3538677753703812,85385.0
GEORGIA,PIERCE,12.157382847038019,87.30106100795756,0.5415561450044208,9048.0
GEORGIA,PIKE,14.039179104477611,85.13992537313433,0.8208955223880596,10720.0
GEORGIA,POLK,21.024196792919135,78.1021897810219,0.8736134260589689,17399.0
GEORGIA,PULASKI,29.982754372998276,69.10569105691057,0.9115545700911556,4059.0
GEORGIA,PUTNAM,29.084774356811472,69.9367355546183,0.9784900885702235,11855.0
GEORGIA,RABUN,20.735785953177256,78.11454849498328,1.1496655518394647,9568.0
GEORGIA,RICHMOND,67.94612485060219,30.777098464650177,1.2767766847476327,87016.0
GEORGIA,ROCKDALE,69.91899028778589,29.11873965000224,0.9622700622118785,44686.0
GEORGIA,SCHLEY,20.307692307692307,79.12087912087912,0.5714285714285714,2275.0
GEORGIA,SPALDING,39.12870235090982,59.95816177447204,0.9131358746181432,30116.0
GEORGIA,TALBOT,60.02271436683703,39.522998296422486,0.4542873367404884,3522.0
GEORGIA,TATTNALL,25.186361969937675,73.97042649395087,0.8432115361114505,8183.0
GEORGIA,TERRELL,53.80434782608695,45.380434782608695,0.8152173913043478,4416.0
GEORGIA,THOMAS,39.848075779069234,59.277902347503776,0.8740218734269894,21853.0
GEORGIA,TIFT,32.68439476754898,66.2285819566419,1.087023275809126,16283.0
GEORGIA,UPSON,32.55327392483534,66.70282836110036,0.7438977140643162,12905.0
GEORGIA,WALKER,19.653198882605437,78.94665122300198,1.4001498943925872,29354.0
GEORGIA,WALTON,24.820432527644584,74.06204129562579,1.1175261767296214,51095.0
GEORGIA,WARE,29.67164599774521,69.51099210822998,0.8173618940248027,14192.0
GEORGIA,WARREN,55.41305167861184,43.983402489626556,0.6035458317615994,2651.0
GEORGIA,WHITFIELD,29.037174114189302,69.76541664398846,1.197409241822239,36746.0
GEORGIA,WILCOX,26.27247790307833,73.23986589454434,0.48765620237732393,3281.0
IDAHO,BONNER,30.68685376661743,67.83234859675036,1.4807976366322009,27080.0
ILLINOIS,BROWN,19.724025974025974,78.3685064935065,1.9074675324675323,2464.0
ILLINOIS,CLINTON,23.579113093676202,75.06691157176594,1.353975334557859,19055.0
ILLINOIS,HAMILTON,19.176169420525948,79.86967651850128,0.9541540609727718,4297.0
ILLINOIS,JO DAVIESS,41.2016129032258,57.79032258064516,1.0080645161290323,12400.0
ILLINOIS,LAKE,61.49506006883956,37.251119697636426,1.2538202335240185,331786.0
ILLINOIS,MCHENRY,48.06814687250138,50.593517436496704,1.3383356910019066,162590.0
ILLINOIS,MCLEAN,51.049861141774834,47.063061388117454,1.8870774701077169,86059.0
ILLINOIS,MONROE,31.251189343482398,67.27878211227403,1.4700285442435777,21020.0
ILLINOIS,PIKE,18.723189502901842,79.88897300025234,1.387837496845824,7926.0
ILLINOIS,UNION,29.210556121871107,69.78140219730435,1.0080416808245554,8829.0
ILLINOIS,WAYNE,14.04235182775346,84.89293741866793,1.0647107535786111,8453.0
ILLINOIS,WINNEBAGO,50.582772671278306,48.059793423670996,1.3574339050506965,126636.0
IOWA,DICKINSON,32.71378786524886,66.46412295594675,0.8220891788043965,11191.0
LOUISIANA,OUACHITA,37.66862425863472,61.424293522502616,0.9070822188626584,68792.0
MARYLAND,ALLEGANY,30.17264101212441,68.81259884027412,1.014760147601476,30352.0
MARYLAND,ANNE ARUNDEL,56.60834075782192,41.86789214401761,1.5237670981604738,305296.0
MARYLAND,BALTIMORE,63.097685684844876,35.69925135152294,1.2030629636321903,409538.0
MARYLAND,BALTIMORE CITY,88.42338787090168,10.82531623968088,0.7512958894174364,234395.0
MARYLAND,CALVERT,46.41227962026877,52.08153536349813,1.506185016233099,48666.0
MARYLAND,CAROLINE,32.64560774011662,65.88710194143653,1.4672903184468506,15607.0
MARYLAND,CARROLL,36.93542177463476,61.00990861380722,2.0546696115580234,98702.0
MARYLAND,CECIL,35.798866976189466,62.69753375644248,1.5035992673680623,46954.0
MARYLAND,CHARLES,70.23463889108554,28.896621064404254,0.8687400445102182,88519.0
MARYLAND,DORCHESTER,43.41247230136119,55.485913263691046,1.1016144349477683,15795.0
MARYLAND,FREDERICK,54.0765391014975,44.33475588106294,1.5887050174395532,143639.0
MARYLAND,GARRETT,21.17457244272346,77.45724427234592,1.3681832849306228,15495.0
MARYLAND,HARFORD,43.0688473562779,55.243074990784855,1.6880776529372414,146498.0
MARYLAND,HOWARD,71.7899652789333,26.83949549069853,1.3705392303681765,180294.0
MARYLAND,KENT,50.07987971055352,48.8205995677098,1.099520721736679,10641.0
MARYLAND,MONTGOMERY,79.91212064650558,19.278985521048,0.8088938324464134,525038.0
MARYLAND,PRINCE GEORGE'S,90.69618376113348,8.870913735207171,0.4329025036593416,418108.0
MARYLAND,QUEEN ANNE'S,35.862831117511135,62.76079166806202,1.3763772144268442,29861.0
MARYLAND,SOMERSET,42.148678195189824,57.03637447823494,0.8149473265752336,10062.0
MARYLAND,TALBOT,49.64545372946773,49.12485414235706,1.2296921281752087,22282.0
MARYLAND,WASHINGTON,38.81139723414401,59.94277539341917,1.2458273724368145,67104.0
MARYLAND,WICOMICO,48.432009838369645,50.38650737877723,1.1814827828531271,45536.0
MARYLAND,WORCESTER,39.91483141068421,59.01738329043125,1.0677852988845458,31467.0
MICHIGAN,ALCONA,30.426136363636363,68.86363636363636,0.7102272727272727,7040.0
MICHIGAN,ALGER,40.191855912294436,59.005481597494125,0.8026624902114331,5108.0
MICHIGAN,BARRY,33.00137074439813,65.65865667048983,1.3399725851120374,35747.0
MICHIGAN,BAY,43.61116670002001,55.24147822026549,1.1473550797144954,59964.0
MICHIGAN,BRANCH,30.13356817848231,68.80962865110818,1.0568031704095113,20439.0
MICHIGAN,CHARLEVOIX,40.96221959858323,58.09327036599764,0.9445100354191263,16940.0
MICHIGAN,CHEBOYGAN,34.370061318667425,64.39092230861621,1.2390163727163537,15819.0
MICHIGAN,CHIPPEWA,37.85445848992142,60.8188133469992,1.326728163079376,17562.0
MICHIGAN,CLINTON,45.27343918075814,53.3195645626264,1.4069962566154641,46482.0
MICHIGAN,DICKINSON,32.60929337365961,66.10530657135001,1.2854000549903768,14548.0
MICHIGAN,EATON,47.811855005159956,50.775606295149636,1.4125386996904026,62016.0
MICHIGAN,EMMET,43.75707621937413,54.95675014718536,1.2861736334405145,22081.0
MICHIGAN,GLADWIN,31.073562744694005,67.95109554227625,0.975341713029741,14559.0
MICHIGAN,HILLSDALE,25.37854277209784,73.49553513653423,1.1259220913679306,23181.0
MICHIGAN,IOSCO,35.154409840355925,63.85108610311436,0.9945040565297042,15284.0
MICHIGAN,IRON,36.862339198580514,62.339198580511614,0.7984622209078812,6763.0
MICHIGAN,ISABELLA,48.078891694533546,50.675629563911826,1.2454787415546305,29306.0
MICHIGAN,KALAMAZOO,58.696948230029534,39.85537233557546,1.4476794343950117,142573.0
MICHIGAN,LEELANAU,52.21133867616503,46.99317304838231,0.7954882754526567,16845.0
MICHIGAN,LIVINGSTON,38.054501116696784,60.75304033524579,1.192458548057421,126713.0
MICHIGAN,MACOMB,45.49308620959338,53.60051353201551,0.9064002583911092,492277.0
MICHIGAN,MANISTEE,41.88040049375943,57.06350294884104,1.0560965573995336,14582.0
MICHIGAN,MARQUETTE,54.92190435296011,43.70672535022275,1.3713702968171326,37262.0
MICHIGAN,MASON,39.6571828358209,59.50909514925373,0.8337220149253732,17152.0
MICHIGAN,MISSAUKEE,22.541829016731608,76.18611047444419,1.2720605088242034,8726.0
MICHIGAN,MONROE,38.00232796671699,60.74610180820781,1.251570225075198,86771.0
MICHIGAN,MONTMORENCY,28.020654044750433,71.79001721170395,0.18932874354561102,5810.0
MICHIGAN,WASHTENAW,72.97348757505816,26.118151885684032,0.9083605392578007,215333.0
MICHIGAN,WAYNE,68.77540913750015,30.468276727821348,0.7563141346785061,868290.0
MINNESOTA,FILLMORE,37.96612997413865,60.90764995411696,1.1262200717443898,11987.0
NEVADA,CARSON CITY,43.49385245901639,55.03073770491803,1.4754098360655739,29280.0
NEVADA,CHURCHILL,24.014167650531288,73.76623376623377,2.219598583234947,12705.0
NEVADA,CLARK,54.27595410993602,44.81333886726978,0.9107070227942011,961341.0
NEVADA,DOUGLAS,34.42930254701261,64.35967626755534,1.21102118543204,33608.0
NEVADA,ELKO,21.02616158353712,77.24357495501314,1.73026346144973,21673.0
NEVADA,ESMERALDA,15.416666666666668,83.33333333333334,1.25,480.0
NEVADA,EUREKA,10.43737574552684,88.96620278330019,0.5964214711729622,1006.0
NEVADA,HUMBOLDT,22.020860495436768,76.62320730117341,1.3559322033898304,7670.0
NEVADA,LANDER,18.168498168498168,80.51282051282051,1.3186813186813187,2730.0
NEVADA,LINCOLN,13.670256835128416,85.62551781275891,0.7042253521126761,2414.0
NEVADA,LYON,28.387161618868934,70.06834628785849,1.544492093272581,29848.0
NEVADA,MINERAL,36.24836029733275,62.22125054656755,1.530389156099694,2287.0
NEVADA,NYE,29.08336326270003,69.9469252563949,0.9697114809050641,25059.0
NEVADA,PERSHING,23.855211513301352,75.49062363715656,0.6541648495420846,2293.0
NEVADA,STOREY,31.71589310829817,67.08860759493672,1.1954992967651195,2844.0
NEVADA,WASHOE,51.57841345495826,47.00218184160313,1.4194047034386146,248414.0
NEVADA,WHITE PINE,19.953542392566785,79.04761904761905,0.9988385598141697,4305.0
NEW JERSEY,BERGEN,57.97772263176248,41.44405517845413,0.5782221897833897,493236.0
NEW JERSEY,CAMDEN,66.52517898128866,32.75889586405022,0.7159251546611136,263156.0
NEW JERSEY,CUMBERLAND,52.732280040585586,46.62833582966935,0.6393841297450517,62091.0
NEW JERSEY,ESSEX,77.65628319717338,21.96652415226243,0.3771926505641882,343591.0
NEW JERSEY,GLOUCESTER,50.508569364666954,48.55002388470098,0.9414067506320708,171658.0
NEW JERSEY,HUDSON,73.04772103284193,26.448257260408532,0.504021706749543,248402.0
NEW JERSEY,MIDDLESEX,60.77561776232906,38.53832288843343,0.6860593492375179,372271.0
NEW JERSEY,MONMOUTH,48.24045321135583,51.03896414915102,0.7205826394931442,375807.0
NEW JERSEY,PASSAIC,58.09710677785328,41.40651368756441,0.49637953458230766,222209.0
NEW JERSEY,SALEM,42.94909824394874,55.84658281917419,1.2043189368770766,33712.0
NEW JERSEY,UNION,67.64372952040513,31.7894945884222,0.566775891172674,251775.0
NEW MEXICO,CHAVES,28.807887120115772,70.80318379160637,0.38892908827785816,22112.0
NEW MEXICO,CIBOLA,54.32169433314253,45.44934172867773,0.22896393817973668,8735.0
NEW MEXICO,LOS ALAMOS,61.95866141732284,35.088582677165356,2.952755905511811,12192.0
NEW MEXICO,MCKINLEY,69.53218404103514,30.0860040880867,0.3818118708781673,25929.0
NEW MEXICO,OTERO,36.41556433602474,62.36471396667239,1.2197216973028688,23284.0
NEW MEXICO,QUAY,30.465666929755326,69.29755327545382,0.23677979479084454,3801.0
NEW MEXICO,ROOSEVELT,27.540883386825616,70.82378114014978,1.6353354730246066,6543.0
NEW MEXICO,SANDOVAL,53.55545292604077,45.09203668272085,1.3525103912383718,75785.0
NEW MEXICO,SIERRA,38.67827868852459,60.48497267759563,0.8367486338797815,5856.0
NEW MEXICO,SOCORRO,52.88844621513944,46.28628343767786,0.8252703471826979,7028.0
NEW MEXICO,VALENCIA,44.668190786383136,54.379756349628884,0.9520528639879742,31931.0
OHIO,ALLEN,29.566398495455022,69.20071047957371,1.2328910249712675,47855.0
OHIO,ASHTABULA,37.53925271924635,61.18873162517635,1.2720156555772992,43946.0
OHIO,AUGLAIZE,18.090940915632657,80.8977400910187,1.0113189933486328,25709.0
OHIO,BELMONT,27.70518145711427,71.43073704635722,0.8640814965285147,32983.0
OHIO,BUTLER,37.38975840843906,61.440955624066774,1.1692859674941725,186182.0
OHIO,CHAMPAIGN,25.423132941590076,73.2710562000904,1.3058108583195218,19911.0
OHIO,CLARK,37.655817445297714,61.04759372507312,1.296588829629166,63937.0
OHIO,CLERMONT,30.94349897889721,67.68323122305424,1.373269798048559,110175.0
OHIO,CLINTON,22.96260083109264,75.71742850158886,1.319970667318504,20455.0
OHIO,CUYAHOGA,66.75178196795987,32.51153226789506,0.7366857641450725,623468.0
OHIO,DARKE,17.479494568831743,81.29756890563807,1.2229365255301854,27066.0
OHIO,ERIE,43.54200373366521,55.15868077162415,1.299315494710641,40175.0
OHIO,FAYETTE,23.64864864864865,75.30206677265501,1.0492845786963434,12580.0
OHIO,FRANKLIN,65.1400495781716,33.63116324018984,1.2287871816385634,628099.0
OHIO,GALLIA,21.718602455146367,77.32258298830537,0.9588145565482675,13767.0
OHIO,GREENE,39.39634091114935,58.95299338828005,1.6506657005706007,88328.0
OHIO,HANCOCK,30.42150749087898,68.07772918984656,1.5007633192744585,38647.0
OHIO,HARRISON,23.20514503215645,76.02047512796955,0.7743798398739992,7619.0
OHIO,HIGHLAND,19.359934770422463,79.8960403608011,0.7440248687764358,19623.0
OHIO,HOCKING,28.158792365193406,70.66550547935265,1.1757021554539515,13779.0
OHIO,LOGAN,21.70366235885106,77.12850457258168,1.1678330685672578,23291.0
OHIO,MIAMI,27.091116645911168,71.55631659056316,1.3525667635256677,57816.0
OHIO,PICKAWAY,25.90805902383655,73.0455448354143,1.0463961407491487,28192.0
OHIO,PREBLE,20.649875907712108,78.23329350124092,1.1168305910469711,21758.0
OHIO,PUTNAM,16.09247506799637,82.66344313488466,1.2440817971189684,19854.0
OHIO,RICHLAND,29.5022745517795,69.36044955846936,1.1372758897511372,59792.0
OHIO,ROSS,31.817359855334537,67.14285714285714,1.0397830018083183,33180.0
OHIO,SENECA,32.15216461161461,66.45921661674899,1.3886187716363918,25709.0
OHIO,SHELBY,17.73444016364142,81.11371489851848,1.1518449378400921,25177.0
OHIO,TRUMBULL,44.24204479955478,54.850635024745095,0.9073201757001172,100626.0
OHIO,TUSCARAWAS,29.399420633653428,69.47378025136288,1.126799114983691,43841.0
OHIO,VAN WERT,20.55905617374983,78.09357822764446,1.3473655986057111,14918.0
OHIO,WAYNE,30.803934620220396,67.96649656090526,1.2295688188743437,54084.0
OHIO,WOOD,45.44874268919039,53.078704390939045,1.4725529198705578,67366.0
OHIO,WYANDOT,24.079295154185022,74.55506607929514,1.3656387665198237,11350.0
OREGON,CLATSOP,54.79614780874804,43.3498790887107,1.8539731025412582,23571.0
OREGON,COLUMBIA,43.54463049225733,53.9783457132066,2.47702379453607,31772.0
OREGON,COOS,38.86857329985809,59.570461739984715,1.560964960157188,36644.0
OREGON,DESCHUTES,53.322016086657776,44.98282203629603,1.6951618770461987,123705.0
OREGON,DOUGLAS,30.106851037083594,68.03582652419861,1.8573224387177876,63640.0
OREGON,HARNEY,20.171480144404335,78.40703971119135,1.4214801444043321,4432.0
OREGON,JOSEPHINE,36.180559640763185,62.26052512892915,1.558915230307665,50997.0
OREGON,KLAMATH,28.591087991632953,69.6556849145405,1.7532270938265488,36333.0
OREGON,LINCOLN,57.36298544890619,41.11261424753357,1.5244003035602336,30307.0
OREGON,LINN,37.032070622415915,60.74142362275114,2.2265057548329423,71592.0
OREGON,MARION,49.57032351390779,48.4241109190541,2.005565567038113,163146.0
OREGON,POLK,48.11463363426412,49.82574007978165,2.0596262859542307,47630.0
OREGON,UNION,28.756844453457713,69.61400662475495,1.6291489217873318,14793.0
OREGON,WASCO,47.39146035163258,50.48439181916039,2.1241478292070326,13935.0
OREGON,WASHINGTON,66.56077308654422,31.410762465481547,2.0284644479742306,315411.0
OREGON,YAMHILL,46.71239234696509,50.798480394684816,2.4891272583500936,58173.0
PENNSYLVANIA,ALLEGHENY,59.615379285688554,39.22823655919939,1.1563841551120633,721646.0
RHODE ISLAND,STATEWIDE,60.00183428592615,39.01213946036869,0.98602625370516,512461.0
TENNESSEE,DAVIDSON,66.58520076953597,33.41479923046402,0.0,299921.0
TENNESSEE,LOUDON,24.015761639763575,75.05098337423524,0.9332549860011752,28931.0
TENNESSEE,PICKETT,17.997943092218033,81.62495714775454,0.3770997600274254,2917.0
TENNESSEE,SEVIER,20.32582855544679,78.73723954691651,0.9369318976366942,42906.0
TENNESSEE,WILLIAMSON,36.315919029278035,62.602444180591355,1.0816367901306074,138124.0
TEXAS,ANDREWS,14.522750598699966,84.45090660280535,1.0263427984946971,5846.0
TEXAS,ARANSAS,23.788546255506606,75.37118616413771,0.840267580355686,12258.0
TEXAS,BEXAR,58.551756283726355,40.29444828157988,1.1537954346937682,765907.0
TEXAS,BOSQUE,17.12937561725008,81.95983759464501,0.910786788104905,9113.0
TEXAS,CAMERON,56.28300079948693,43.07740966237053,0.6395895381425547,113823.0
TEXAS,CHILDRESS,13.650374284456188,85.55702333773668,0.7926023778071334,2271.0
TEXAS,COLEMAN,10.959902794653706,88.48116646415552,0.5589307411907655,4115.0
TEXAS,COLLIN,47.19539459432948,51.56313223170896,1.241473173961556,489338.0
TEXAS,COMAL,27.997564056297364,70.75514254781667,1.2472933958859618,88672.0
TEXAS,COOKE,16.928594030165595,82.2487079422002,0.8226980276342157,18962.0
TEXAS,COTTLE,17.147192716236724,81.94233687405159,0.9104704097116844,659.0
TEXAS,CRANE,16.088117489986647,83.24432576769026,0.6675567423230975,1498.0
TEXAS,DALLAS,65.3976293774521,33.5496953414612,1.0526752810866975,915287.0
TEXAS,DEAF SMITH,27.510346329775647,71.72729252886081,0.7623611413635374,4591.0
TEXAS,ELLIS,32.33962175606551,66.54113285466235,1.1192453892721386,85236.0
TEXAS,ERATH,17.338565822333216,81.36520394815079,1.2962302295159946,16818.0
TEXAS,FORT BEND,54.88439452368523,44.265755070194054,0.8498504061207193,356298.0
TEXAS,GALVESTON,38.044560536898864,60.718580683537425,1.236858779563705,154666.0
TEXAS,GRAY,10.674736028843677,88.07622971928922,1.249034251867113,7766.0
TEXAS,GRAYSON,24.4608198573428,74.4700942616731,1.0690858809840986,59303.0
TEXAS,GUADALUPE,37.224900169292205,61.453069875033925,1.3220299556738735,77381.0
TEXAS,HIDALGO,58.275716292326365,41.15106801765559,0.5732156900180465,219987.0
TEXAS,HOCKLEY,18.343854437430377,80.9011016214878,0.755043941081817,8079.0
TEXAS,HOWARD,20.26047786917352,78.86799843321583,0.8715236976106541,10212.0
TEXAS,KENDALL,22.809942406789936,76.09502879660504,1.0950287966050318,26392.0
TEXAS,LEE,21.685254027261465,77.5092936802974,0.8054522924411399,8070.0
TEXAS,MONTAGUE,11.205311542390193,87.9979570990807,0.7967313585291113,9790.0
TEXAS,NACOGDOCHES,33.733133433283356,65.13493253373314,1.1319340329835081,26680.0
TEXAS,NAVARRO,26.751625760436333,72.3725613593455,0.8758128802181665,19068.0
TEXAS,OLDHAM,8.035714285714286,90.97222222222221,0.992063492063492,1008.0
TEXAS,ORANGE,17.69815418023887,81.25504607589298,1.0467997438681478,35919.0
TEXAS,PARKER,17.140712649126964,81.70050828263675,1.1587790682362855,75942.0
TEXAS,PARMER,18.442932728647015,80.68783068783068,0.8692365835222978,2646.0
TEXAS,POLK,22.32398160043098,76.96738634950893,0.7086320500600887,24131.0
TEXAS,POTTER,29.887031179394484,68.7452929658081,1.3676758547974093,33195.0
TEXAS,SCURRY,13.973351554492655,85.12128459173215,0.9053638537751963,5854.0
TEXAS,SMITH,29.668105909578145,69.20387493613568,1.1280191542861724,99821.0
TEXAS,STEPHENS,10.452869931542917,89.12585571353344,0.421274354923644,3798.0
TEXAS,TAYLOR,26.541974455078055,71.95334958698737,1.504675957934573,54962.0
TEXAS,TRAVIS,71.91198841119152,26.618786936852214,1.4692246519562713,606102.0
TEXAS,WALKER,33.483394207084004,65.29771511084685,1.2188906820691412,23546.0
TEXAS,WARD,18.939018344075357,80.34209221616263,0.7188894397620228,4034.0
TEXAS,WASHINGTON,24.491320841476032,74.48557305437407,1.0231061041499023,17398.0
TEXAS,WHARTON,28.06576980568012,71.30642750373693,0.6278026905829596,16725.0
TEXAS,WILLIAMSON,49.78763749335274,48.47847686753058,1.733885639116684,285832.0
UTAH,SAN JUAN,46.139024751741516,52.39365643989922,1.4673188083592708,6747.0
WEST VIRGINIA,NICHOLAS,20.980207351555137,78.0301602262017,0.9896324222431668,10610.0
WEST VIRGINIA,WOOD,28.268350107371088,70.37851543297715,1.3531344596517554,38651.0
WISCONSIN,BROWN,45.744391143138444,52.978472324053314,1.277136532808234,143211.0
WISCONSIN,CALUMET,39.54953484576465,59.2655459441815,1.18491921005386,30635.0
WISCONSIN,DANE,75.93250314458066,22.99702614598442,1.0704707094349093,342653.0
WISCONSIN,EAU CLAIRE,54.62460698614519,43.777424593165875,1.5979684206889402,57886.0
WISCONSIN,JEFFERSON,41.68726176014745,56.98487831441378,1.3278599254387802,47746.0
WISCONSIN,KENOSHA,47.83678374640031,50.98750595224598,1.175710301353711,88202.0
WISCONSIN,OUTAGAMIE,44.2915416136256,54.25056448090986,1.457893905464547,107621.0
WISCONSIN,PIERCE,42.60241802209272,55.731930068713574,1.6656519091937025,22994.0
WISCONSIN,SAUK,50.2413850507741,48.53504245047445,1.2235724987514567,36042.0
WISCONSIN,SHEBOYGAN,41.30872176325336,57.32554949242448,1.3657287443221655,65606.0
WISCONSIN,ST CROIX,41.21421081628663,57.2253718876073,1.5604172961060658,56267.0
WISCONSIN,WAUKESHA,38.97771008860446,59.88828785571202,1.1340020556835149,266578.0
WISCONSIN,WOOD,39.840782938942446,59.1781088713604,0.9811081896971466,41076.0
